I
1100 Generated by WorldEditor 2.4.0r2

1     76 0 0 FGSL Malabo
1302 city Malabo
1302 country Equatorial Guinea
1302 datum_lat 3.755294444
1302 datum_lon 8.708708333
1302 faa_code 
1302 gui_label 3D
1302 iata_code SSG
1302 icao_code FGSL
1302 region_code FG
1302 state Bioko Norte
1302 transition_alt 3200
1302 transition_level 
1302 flatten 1
100 45.00 2 1 0.00 1 2 1  04  03.74541867  008.69985537 0 60 2 9 0 0 22  03.76519092  008.71754896 0 51 2 9 0 0
110 2 0.00 130.0 New Taxiway 53
111  03.75449949  008.69885054
111  03.75430690  008.69908690
111  03.75486474  008.69958343
113  03.75506760  008.69935097
110 1 0.00 130.0 New Taxiway 2
111  03.74489171  008.70031105 102
112  03.74449594  008.70106231  03.74443166  008.70162583 102
111  03.74482061  008.70198099 102
111  03.74488896  008.70191692 1
112  03.74457079  008.70114595  03.74458030  008.70068084 1
111  03.74495815  008.70037200 1
111  03.74529241  008.69999253
113  03.74521966  008.69992404 102
110 1 0.00 130.0 New Taxiway 1
111  03.74512587  008.70052275
111  03.74506533  008.70071279 102
112  03.74518879  008.70058465  03.74522848  008.70055593 102
111  03.74538942  008.70050511 102
112  03.74573335  008.70063767  03.74580390  008.70066419 102
111  03.74608169  008.70068186
111  03.74529241  008.69999253
113  03.74495815  008.70037200
110 1 0.00 130.0 terminal parking lot
111  03.75837146  008.71627761
111  03.75755324  008.71558013
111  03.75701027  008.71619580
113  03.75784746  008.71690788
110 2 0.00 130.0 New Taxiway 9
111  03.74704952  008.70358140
112  03.74704338  008.70341134  03.74709483  008.70336347
111  03.74718485  008.70334689
112  03.74754393  008.70338418  03.74766151  008.70340443
111  03.74783605  008.70343941
111  03.74864519  008.70360845
111  03.74870007  008.70340459 1
111  03.74683003  008.70300589 1
112  03.74647162  008.70290972  03.74641056  008.70289381 1
113  03.74613433  008.70275909
110 2 0.00 130.0 New Taxiway 8
111  03.74505323  008.70174309 1
112  03.74482683  008.70108528  03.74487180  008.70074591 1
111  03.74512587  008.70052275
111  03.74495815  008.70037200
112  03.74457079  008.70114595  03.74456127  008.70161106
113  03.74488896  008.70191692
110 2 0.00 130.0 New Taxiway 7
111  03.74869517  008.70606511 1
111  03.74839296  008.70577574
111  03.74792556  008.70536362
111  03.74662454  008.70419801
111  03.74598865  008.70363066 1
111  03.74507610  008.70283064
111  03.74455521  008.70341038
111  03.74458107  008.70345433
111  03.74479885  008.70365592
111  03.74563483  008.70440355
111  03.74721902  008.70584075
111  03.74772371  008.70631376
113  03.74815940  008.70665609
110 2 0.00 130.0 New Taxiway 6
111  03.74612315  008.70305731 1
112  03.74633055  008.70356764  03.74619727  008.70374487
111  03.74633055  008.70356764
112  03.74633055  008.70356764  03.74618357  008.70373794 1
111  03.74598865  008.70363066
111  03.74662454  008.70419801
112  03.74663211  008.70385752  03.74677211  008.70368726
113  03.74709254  008.70392793
110 2 0.00 130.0 New Taxiway 5
111  03.74826993  008.70494567
112  03.74828113  008.70529042  03.74815530  008.70545979
111  03.74792556  008.70536362
111  03.74839296  008.70577574 1
112  03.74840904  008.70545689  03.74852091  008.70531943 1
113  03.74874576  008.70538226
110 1 0.00 130.0 New Taxiway 4
111  03.74609820  008.70316922 102
112  03.74623599  008.70354665  03.74611585  008.70367720
111  03.74623599  008.70354665
112  03.74623599  008.70354665  03.74615944  008.70363564 102
111  03.74602900  008.70356850 102
111  03.74513028  008.70277987
111  03.74507610  008.70283064
111  03.74598865  008.70363066
112  03.74633055  008.70356764  03.74647752  008.70339733
111  03.74633055  008.70356764
112  03.74633055  008.70356764  03.74646383  008.70339040
113  03.74612315  008.70305731
110 1 0.00 130.0 New Taxiway 3
111  03.74482061  008.70198099 102
111  03.74587994  008.70294607 102
111  03.74609820  008.70316922
111  03.74612315  008.70305731
111  03.74596558  008.70288916 1
113  03.74488896  008.70191692
110 2 0.00 130.0 New Taxiway 4
111  03.75477804  008.71049706
111  03.74893260  008.70525078
111  03.74842315  008.70480694
111  03.74704952  008.70358140
111  03.74613433  008.70275909 1
111  03.74531412  008.70202639 1
111  03.74505323  008.70174309
111  03.74488896  008.70191692
111  03.74596558  008.70288916 1
111  03.74612315  008.70305731
111  03.74709254  008.70392793
111  03.74826993  008.70494567
111  03.74874576  008.70538226
113  03.75463410  008.71065294
110 2 0.00 130.0 New Taxiway 3
111  03.74925566  008.70418999
111  03.74869368  008.70480514
112  03.74853338  008.70483640  03.74844086  008.70481981
111  03.74842315  008.70480694
111  03.74893260  008.70525078
112  03.74885060  008.70509635  03.74884550  008.70501836
111  03.74888323  008.70493445
113  03.74941035  008.70432242
110 2 0.00 130.0 New Taxiway 1
111  03.74994921  008.69519917
111  03.74982844  008.69533073
111  03.74979168  008.69530442
111  03.74899352  008.69617796
111  03.75180343  008.69871158
113  03.75274996  008.69771517
110 2 0.00 130.0 New Taxiway 2
111  03.75243081  008.69927177 1
111  03.75280277  008.69965842 1
112  03.75289393  008.69995534  03.75289900  008.70010761 1
111  03.75280530  008.70021927 1
111  03.75252168  008.70057202 1
111  03.75253688  008.70059486
111  03.75269895  008.70072682 1
111  03.75271667  008.70074205 1
111  03.75306058  008.70042319 1
112  03.75333962  008.70031317  03.75349916  008.70030555 1
111  03.75366883  008.70042990 1
113  03.75409334  008.70074816
110 2 0.00 130.0 New Taxiway 54
111  03.75399956  008.69880114
111  03.75419180  008.69857233
111  03.75362640  008.69808127
113  03.75342115  008.69831491
110 2 0.00 130.0 New Taxiway 2
111  03.75274996  008.69771517
111  03.75180343  008.69871158
111  03.75243081  008.69927177
111  03.75409334  008.70074816
111  03.75465939  008.70125159
111  03.75552407  008.70027995
111  03.75547701  008.70022871
111  03.75552072  008.70016841
111  03.75555157  008.70012585
111  03.75530833  008.69990801
111  03.75526940  008.69995231
111  03.75523547  008.69992010
111  03.75526899  008.69987580
111  03.75501897  008.69964944
111  03.75497933  008.69969687
111  03.75486474  008.69958343
111  03.75430690  008.69908690
111  03.75421446  008.69900441
111  03.75410500  008.69890595
111  03.75399956  008.69880114
111  03.75342115  008.69831491
111  03.75330123  008.69821410
113  03.75302026  008.69795297
110 2 0.00 130.0 New Taxiway 14
111  03.74721902  008.70584075
111  03.74677529  008.70633589
111  03.74730179  008.70680149
113  03.74772371  008.70631376
110 1 0.00 130.0 New Taxiway 13
111  03.74606979  008.70484770
111  03.74548754  008.70549267
111  03.74615439  008.70609726
113  03.74673664  008.70545228
110 2 0.00 130.0 New Taxiway 12
111  03.74479885  008.70365592
111  03.74434502  008.70415047
111  03.74518751  008.70491009
113  03.74563483  008.70440355
110 2 0.00 130.0 New Taxiway 3
111  03.75541792  008.70055339
111  03.75533703  008.70062741
111  03.75551112  008.70078250
111  03.75552695  008.70077369
111  03.75590328  008.70111206
111  03.75594725  008.70113144
113  03.75599941  008.70107133
110 2 0.00 130.0 New Taxiway 1
111  03.74983071  008.70337403
111  03.75015989  008.70366441 1
112  03.75017376  008.70362129  03.75018082  008.70360299 1
111  03.75019119  008.70357927 1
111  03.75035740  008.70331450 1
111  03.75041584  008.70323946 1
111  03.75070160  008.70288973 1
111  03.75269895  008.70072682
111  03.75253688  008.70059486 1
111  03.75055451  008.70275755 1
111  03.75022792  008.70307818 1
112  03.75018237  008.70312356  03.75016894  008.70313702 1
111  03.75011721  008.70318270 1
111  03.74995258  008.70330523 1
114  03.74990045  008.70333601  03.74988457  008.70334458 1
110 1 0.00 130.0 New Taxiway 6
111  03.75655842  008.71201437 102
111  03.75592293  008.71135500
111  03.75547144  008.71151089 102
113  03.75633193  008.71229201
110 2 0.00 130.0 New Taxiway 4
111  03.75851141  008.71413674
111  03.75699111  008.71274954
112  03.75653597  008.71268450  03.75638275  008.71287750
111  03.75655537  008.71302947
111  03.75673108  008.71319217
111  03.75618574  008.71380790
111  03.75660502  008.71419174
111  03.75638577  008.71444545
111  03.75761856  008.71556040
111  03.75851868  008.71442766
114  03.75851868  008.71442766  03.75863239  008.71428663
110 2 0.00 130.0 New Taxiway 3
111  03.76022435  008.71566791
111  03.75900637  008.71457563
112  03.75870210  008.71463332  03.75859525  008.71478120
111  03.75868730  008.71491454
111  03.75989737  008.71601284
114  03.76020880  008.71596093  03.76034087  008.71577982
110 1 0.00 130.0 New Taxiway 5
111  03.76089937  008.71588405 102
111  03.75785577  008.71319591 102
111  03.75655842  008.71201437
111  03.75633193  008.71229201 102
112  03.75631609  008.71249041  03.75623954  008.71257506 102
111  03.75612807  008.71252119
111  03.75585065  008.71230587
111  03.75522909  008.71301287
111  03.75559089  008.71331357
111  03.75522128  008.71377385
111  03.75559003  008.71435243
111  03.75593731  008.71471563
111  03.75620422  008.71440829
111  03.75638697  008.71454880
111  03.75755324  008.71558013
111  03.75760142  008.71562274
111  03.75767909  008.71569142
111  03.75833705  008.71624848
111  03.75837146  008.71627761
111  03.75849518  008.71638236
111  03.75965533  008.71735251
113  03.76065760  008.71618270
112  03.76020880  008.71596093  03.76007673  008.71614204
111  03.75989737  008.71601284
111  03.75868730  008.71491454
112  03.75870210  008.71463332  03.75880896  008.71448544
111  03.75900637  008.71457563
113  03.76022435  008.71566791
111  03.75638577  008.71444545
111  03.75660502  008.71419174
111  03.75618574  008.71380790
111  03.75673108  008.71319217
111  03.75655537  008.71302947
112  03.75653597  008.71268450  03.75668920  008.71249150
111  03.75699111  008.71274954
111  03.75851141  008.71413674
112  03.75851868  008.71442766  03.75840497  008.71456870
111  03.75851868  008.71442766
113  03.75761856  008.71556040
110 1 0.00 130.0 New Taxiway 4
111  03.76089937  008.71588405
111  03.76065760  008.71618270 102
111  03.76356958  008.71869636
113  03.76378347  008.71841956 102
110 1 0.00 130.0 New Taxiway 3
111  03.76431784  008.71697280
111  03.76432283  008.71713874 102
111  03.76432797  008.71730997
112  03.76432797  008.71730997  03.76432200  008.71745708 102
112  03.76450899  008.71777307  03.76464175  008.71789632
111  03.76450899  008.71777307
112  03.76450899  008.71777307  03.76456239  008.71781281 102
112  03.76460152  008.71788855  03.76460130  008.71792633
111  03.76460152  008.71788855
112  03.76460152  008.71788855  03.76460072  008.71802414 102
111  03.76453498  008.71808623
112  03.76453498  008.71808623  03.76428509  008.71850160 102
112  03.76406622  008.71857340  03.76393329  008.71857096 102
111  03.76378347  008.71841956
111  03.76356958  008.71869636 102
111  03.76422792  008.71936818
112  03.76422792  008.71936818  03.76437678  008.71943420 102
112  03.76462500  008.71933896  03.76476173  008.71925032
111  03.76462500  008.71933896 102
111  03.76528035  008.71856657 102
113  03.76496917  008.71755738
110 1 0.00 130.0 New Taxiway 2
111  03.75536340  008.71064123 102
112  03.75516971  008.71070571  03.75509588  008.71064404
111  03.75516971  008.71070571
111  03.75501837  008.71112336 102
111  03.75547144  008.71151089
111  03.75592293  008.71135500 102
112  03.75574100  008.71089151  03.75591401  008.71069263
113  03.75574100  008.71089151
110 1 0.00 130.0 New Taxiway 1
111  03.75586491  008.71004284 102
111  03.75536340  008.71064123
111  03.75574100  008.71089151 102
111  03.75618973  008.71031331 102
112  03.75639709  008.71021428  03.75654567  008.71018636 102
111  03.75667153  008.71028322
111  03.75672686  008.71021512
111  03.75591466  008.70948246
111  03.75587077  008.70955086 102
114  03.75595140  008.70980295  03.75594675  008.70991696 102
110 2 0.00 130.0 New Taxiway 4
111  03.74869517  008.70606511
111  03.74815940  008.70665609
111  03.74824331  008.70673808
111  03.74789674  008.70714327
111  03.75113138  008.71005331
113  03.75203456  008.70904822 1
110 1 0.00 130.0 New Taxiway 14
111  03.75362613  008.70051074
111  03.75410104  008.70087561
111  03.75464987  008.70136420
111  03.75533703  008.70062741
111  03.75541792  008.70055339
111  03.75564167  008.70029210
111  03.75552072  008.70016841
111  03.75547701  008.70022871
111  03.75552407  008.70027995
111  03.75465939  008.70125159
111  03.75409334  008.70074816
113  03.75366883  008.70042990
110 1 0.00 130.0 New Taxiway 12
111  03.74982983  008.70337439
112  03.74990045  008.70333601  03.74991633  008.70332744
111  03.74995078  008.70330535
111  03.75011721  008.70318270
112  03.75018237  008.70312356  03.75019581  008.70311009
111  03.75022792  008.70307818
111  03.75055451  008.70275755
111  03.75253688  008.70059486
111  03.75252168  008.70057202
111  03.75280530  008.70021927
112  03.75289393  008.69995534  03.75288887  008.69980308
111  03.75280277  008.69965842
111  03.75243081  008.69927177
111  03.75180343  008.69871158
111  03.75186888  008.69887090
111  03.75274194  008.69973310 102
112  03.75279908  008.69994626  03.75281178  008.70007034 102
111  03.75271463  008.70018170 102
111  03.75236033  008.70063984 102
111  03.75150696  008.70156376 102
111  03.75028460  008.70289238 102
111  03.74989657  008.70321274 102
112  03.74981941  008.70326798  03.74978193  008.70328345 102
113  03.74971191  008.70328539 102
110 1 0.00 130.0 New Taxiway 13
112  03.75024984  008.70370680  03.75025217  008.70367888 102
111  03.75027074  008.70362537 102
111  03.75046111  008.70332989 102
111  03.75068601  008.70304380 102
111  03.75260764  008.70095722 102
111  03.75312698  008.70049445 102
112  03.75329878  008.70040837  03.75345433  008.70035718 102
111  03.75362613  008.70051074
111  03.75366883  008.70042990
112  03.75333962  008.70031317  03.75318009  008.70032078
111  03.75306058  008.70042319
111  03.75271667  008.70074205
111  03.75269895  008.70072682
111  03.75070160  008.70288973
111  03.75041752  008.70323967
111  03.75035740  008.70331450
111  03.75019119  008.70357927
112  03.75017376  008.70362129  03.75016669  008.70363959
111  03.75015989  008.70366441
113  03.75027473  008.70381353 102
110 1 0.00 130.0 New Taxiway 11
111  03.74983071  008.70337403
111  03.74971386  008.70328857 102
111  03.74948899  008.70324880
111  03.75033823  008.70400707 102
111  03.75027473  008.70381353
113  03.75015989  008.70366441
110 1 0.00 130.0 New Taxiway 10
111  03.74941035  008.70432242
111  03.74888323  008.70493445
112  03.74885060  008.70509635  03.74885570  008.70517435
111  03.74893260  008.70525078
111  03.74897921  008.70517921 102
112  03.74894062  008.70508715  03.74893328  008.70502087 102
111  03.74896238  008.70497322 102
113  03.74948531  008.70437410
110 1 0.00 130.0 New Taxiway 9
111  03.74783605  008.70343941
112  03.74754393  008.70338418  03.74742634  008.70336393
111  03.74718485  008.70334689
112  03.74704338  008.70341134  03.74699194  008.70345921
111  03.74704952  008.70358140
111  03.74842315  008.70480694
112  03.74853338  008.70483640  03.74862590  008.70485299
111  03.74869368  008.70480514
111  03.74925566  008.70418999
111  03.74922810  008.70406663 102
111  03.74869138  008.70469095 102
112  03.74857196  008.70474619  03.74854808  008.70475171 102
111  03.74848010  008.70472777 102
111  03.74716097  008.70355679 102
112  03.74711687  008.70350155  03.74711136  008.70347578 102
111  03.74714076  008.70345552 102
112  03.74741634  008.70345921  03.74744757  008.70345737 102
111  03.74777093  008.70351812 102
111  03.74864753  008.70370944
113  03.74864519  008.70360845
110 1 0.00 130.0 New Taxiway 8
111  03.74869753  008.70340239
111  03.74864519  008.70360845
111  03.74864753  008.70370944 102
112  03.74884412  008.70377204  03.74887351  008.70377572 102
111  03.74896537  008.70383464 102
112  03.74907745  008.70398377  03.74912889  008.70402796 102
111  03.74922810  008.70406663
111  03.74925566  008.70418999
111  03.74941182  008.70432255
111  03.74948531  008.70437410 102
111  03.74964883  008.70418262 102
112  03.74974804  008.70415869  03.74978294  008.70415316 102
111  03.74985827  008.70420103 102
111  03.75006588  008.70426916
111  03.74874718  008.70308587 102
112  03.74878944  008.70326999  03.74878209  008.70330866 102
111  03.74874167  008.70329945 102
113  03.74865785  008.70329369 102
110 1 0.00 130.0 New Taxiway 7
112  03.74647162  008.70290972  03.74653268  008.70292563
111  03.74647162  008.70290972
112  03.74647162  008.70290972  03.74653268  008.70292563
111  03.74683003  008.70300589
111  03.74869753  008.70340239
111  03.74865785  008.70329369 102
111  03.74670707  008.70288266 102
112  03.74640944  008.70279429  03.74632748  008.70276524 102
111  03.74617567  008.70268153
113  03.74613433  008.70275909
110 1 0.00 130.0 New Taxiway 6
111  03.74505323  008.70174309
111  03.74531056  008.70202666
111  03.74613433  008.70275909
111  03.74617567  008.70268153 102
111  03.74535288  008.70194182 102
113  03.74512843  008.70169507
110 1 0.00 130.0 New Taxiway 21
111  03.74839296  008.70577574
111  03.74869517  008.70606511
111  03.75203456  008.70904822
111  03.75208908  008.70898750 102
113  03.74847227  008.70577439
110 1 0.00 130.0 New Taxiway 20
111  03.74874576  008.70538226
112  03.74840904  008.70545689  03.74829717  008.70559436
111  03.74839296  008.70577574
111  03.74847227  008.70577439 102
112  03.74846556  008.70553204  03.74852467  008.70542028 102
113  03.74869935  008.70547289
110 1 0.00 130.0 New Taxiway 19
111  03.75477804  008.71049706
111  03.75483608  008.71042494 102
111  03.74897921  008.70517921
113  03.74893260  008.70525078
110 1 0.00 130.0 New Taxiway 18
111  03.74874576  008.70538226
111  03.74869935  008.70547289 102
111  03.75456445  008.71071809
113  03.75463410  008.71065294
110 1 0.00 130.0 New Taxiway 17
111  03.75483608  008.71042494
111  03.75477804  008.71049706
111  03.75463410  008.71065294
111  03.75456445  008.71071809 102
111  03.75465035  008.71079254 102
111  03.75486394  008.71098565 102
111  03.75501837  008.71112336
113  03.75516971  008.71070571 102
110 1 0.00 130.0 New Taxiway 15
112  03.74828113  008.70529042  03.74840695  008.70512106 1
111  03.74826993  008.70494567 1
111  03.74709254  008.70392793 1
112  03.74663211  008.70385752  03.74649210  008.70402777 1
111  03.74662454  008.70419801 1
113  03.74792556  008.70536362 1
111  03.74818669  008.70500141 102
112  03.74818830  008.70526961  03.74806094  008.70538109 102
111  03.74795614  008.70530192 102
111  03.74669305  008.70416810 102
112  03.74668608  008.70391217  03.74678359  008.70382609 102
111  03.74700647  008.70398662 102
113  03.74763795  008.70449615 102
110 1 0.00 130.0 New Taxiway 5
111  03.74512587  008.70052275
112  03.74482683  008.70108528  03.74478185  008.70142464
111  03.74505323  008.70174309
111  03.74512843  008.70169507 102
112  03.74492207  008.70131859  03.74487445  008.70109323 102
111  03.74496969  008.70090234 102
113  03.74506533  008.70071279
130 Airport Boundary 28
111  03.75691853  008.70272488
111  03.75855453  008.70073921
111  03.75413733  008.69658581
111  03.74878960  008.69363329
111  03.74076337  008.70109751
111  03.74396168  008.70380023
111  03.74396143  008.70411823
111  03.74378973  008.70432011
111  03.74427169  008.70467960
111  03.74670831  008.70699676
111  03.74896762  008.70888102
111  03.74936349  008.70947898
111  03.74947810  008.71013949
111  03.74934981  008.71068494
111  03.74941980  008.71161269
111  03.75312206  008.71561163
111  03.75439575  008.71466399
111  03.75484102  008.71541055
111  03.75530771  008.71543865
111  03.75583118  008.71520014
111  03.75672969  008.71656608
111  03.75677828  008.71721323
111  03.75713279  008.71751283
111  03.75641110  008.71833435
111  03.75669072  008.71860923
111  03.75738541  008.71888075
111  03.75704056  008.71971662
111  03.75780815  008.71998412
111  03.75933888  008.71927522
111  03.76084580  008.72051899
111  03.76113387  008.72155159
111  03.76290557  008.72134989
111  03.76290788  008.72099599
111  03.76366294  008.72128390
111  03.76861924  008.72100480
111  03.76953253  008.72074680
111  03.77194803  008.72088721
111  03.77204746  008.72070351
113  03.77164177  008.71601292
120 Linear Feature 35
111  03.74899410  008.70370284 1
111  03.74864498  008.70360362 1
111  03.74783605  008.70343941 1
112  03.74754393  008.70338418  03.74742634  008.70336393 1
111  03.74718485  008.70334689 1
112  03.74704338  008.70341134  03.74699194  008.70345921 1
111  03.74704952  008.70358140 1
115  03.74842092  008.70480465
120 Linear Feature 34
111  03.74899261  008.70370568 1
111  03.74931726  008.70382295 1
112  03.74940845  008.70394044  03.74941330  008.70400673 1
111  03.74939021  008.70403966 1
111  03.74925566  008.70418999 1
111  03.74869368  008.70480514 1
112  03.74853338  008.70483640  03.74843749  008.70481827 1
115  03.74842315  008.70480694
120 Linear Feature 32
111  03.75499810  008.71070062 2
115  03.75486354  008.71085017
120 Linear Feature 31
111  03.74893260  008.70525078 1
115  03.75499810  008.71070062
120 Linear Feature 33
111  03.74989784  008.70412392 1
112  03.74970212  008.70408715  03.74962261  008.70410758 1
111  03.74955126  008.70416070 1
111  03.74923969  008.70451315 1
111  03.74888323  008.70493445 1
112  03.74885060  008.70509635  03.74885570  008.70517435 1
115  03.74893260  008.70525078
120 Linear Feature 30
111  03.75638527  008.71221581 1
111  03.75486354  008.71085017 1
115  03.74874576  008.70538226
120 Linear Feature 29
111  03.75593511  008.70953603 1
112  03.75605254  008.70979836  03.75605254  008.70997489 1
111  03.75595468  008.71006806 1
111  03.75581523  008.71025194 1
111  03.75545070  008.71068345 1
112  03.75521339  008.71080359  03.75508617  008.71078152 1
111  03.75508862  008.71076927 1
115  03.75499810  008.71070062
120 Linear Feature 24
111  03.75573151  008.71131434 1
112  03.75559677  008.71104417  03.75559355  008.71091169 1
111  03.75568222  008.71079051 1
111  03.75609206  008.71027636 1
112  03.75642305  008.71013064  03.75662232  008.71013064 1
115  03.75673066  008.71024115
120 Linear Feature 23
111  03.76436480  008.71850443 1
112  03.76412941  008.71865146  03.76401333  008.71866277 1
111  03.76393917  008.71862399 1
111  03.76357351  008.71838034 1
111  03.76085718  008.71595264 1
111  03.75615675  008.71174050 1
115  03.75573151  008.71131434
120 Linear Feature 22
111  03.76423195  008.71695296 1
112  03.76430740  008.71705572  03.76432481  008.71708868 1
111  03.76435770  008.71715848 1
111  03.76458406  008.71774983 1
112  03.76460728  008.71779443  03.76462082  008.71780024 1
111  03.76465178  008.71781576 1
112  03.76473303  008.71794372  03.76474223  008.71803250 1
111  03.76471562  008.71808913 1
111  03.76467948  008.71814178 1
115  03.76436599  008.71850307
120 Linear Feature 47
111  03.75754097  008.71373768 1 101
116  03.75757706  008.71391501  03.75764574  008.71398244
120 Linear Feature 46
111  03.75762519  008.71363809 1 101
111  03.75754097  008.71373768 1 101
115  03.75687016  008.71457458
120 Linear Feature 45
111  03.76079318  008.71603483 1 101
112  03.76023792  008.71572660  03.76012782  008.71581304
111  03.76023792  008.71572660 1 101
111  03.76008362  008.71588123
112  03.76008362  008.71588123  03.75992003  008.71603027 1 101
115  03.75976942  008.71589817
120 Linear Feature 44
111  03.75757706  008.71391501 1 101
115  03.75976942  008.71589817
120 Linear Feature 43
111  03.75658989  008.71226473 1 101
111  03.75772927  008.71325942
112  03.75772927  008.71325942  03.75785715  008.71338509 1 101
115  03.75762519  008.71363809
120 Linear Feature 42
111  03.75557283  008.71134906 1 101
115  03.75658989  008.71226473
120 Linear Feature 41
111  03.75509120  008.71091082 1 101
115  03.75557283  008.71134906
120 Linear Feature 40
111  03.75552781  008.71075419 1 101
116  03.75557283  008.71134906  03.75587786  008.71164685
120 Linear Feature 39
111  03.75552781  008.71075419 1 101
116  03.75509120  008.71091082  03.75487777  008.71076984
120 Linear Feature 38
111  03.74881756  008.70531718 1 101
115  03.75509120  008.71091082
120 Linear Feature 37
111  03.74845118  008.70525104 1 101
116  03.74881756  008.70531718  03.74905387  008.70551209
120 Linear Feature 36
112  03.74840679  008.70493626  03.74854493  008.70508199 1 101
115  03.74845118  008.70525104
120 Linear Feature 35
111  03.74840679  008.70493626 1 101
115  03.74881756  008.70531718
120 Linear Feature 34
112  03.74873430  008.70492696  03.74859676  008.70509986 1 101
115  03.74881756  008.70531718
120 Linear Feature 33
112  03.74873430  008.70492696  03.74858525  008.70506540 1 101
115  03.74840679  008.70493626
120 Linear Feature 32
111  03.74639636  008.70376970 1 101
116  03.74695848  008.70365943  03.74716412  008.70382187
120 Linear Feature 31
111  03.74640378  008.70312681 1 101
111  03.74695848  008.70365943 1 101
115  03.74840679  008.70493626
120 Linear Feature 30
111  03.74640378  008.70312681 1 101
116  03.74639636  008.70376970  03.74620765  008.70405822
120 Linear Feature 29
111  03.74495374  008.70183480 1 101
111  03.74640378  008.70312681 1 101
116  03.74676299  008.70324413  03.74687342  008.70320025
120 Linear Feature 28
111  03.74776801  008.70331485 1 101
111  03.74711320  008.70321082
112  03.74711320  008.70321082  03.74683498  008.70317445 1 101
111  03.74676299  008.70324413 1 101
115  03.74640076  008.70376529
120 Linear Feature 27
111  03.74922011  008.70438168 1 101
111  03.74873430  008.70492696 1 101
111  03.74845118  008.70525104 1 101
115  03.74808180  008.70567549
120 Linear Feature 26
111  03.74503087  008.70043320 1 101
112  03.74468526  008.70106645  03.74461768  008.70148310
111  03.74468526  008.70106645
112  03.74468526  008.70106645  03.74462878  008.70153181 1 101
115  03.74495374  008.70183480
120 Linear Feature 25
111  03.74623678  008.70059755 1 101
112  03.74606735  008.70048436  03.74598537  008.70046031 1 101
115  03.74531912  008.70031485
120 Linear Feature 24
111  03.74582453  008.70022398 1 101
112  03.74530128  008.70015631  03.74508133  008.70033118
111  03.74530128  008.70015631 1 101
115  03.74503087  008.70043320
120 Linear Feature 23
111  03.75055348  008.70445701 1 101
112  03.74987995  008.70399318  03.74953015  008.70377895 1 101
112  03.74865685  008.70349963  03.74834879  008.70341959
111  03.74865685  008.70349963 1 101
115  03.74776801  008.70331485
120 Linear Feature 21
111  03.74987995  008.70399318 1 101
112  03.74948339  008.70408887  03.74932321  008.70425550
111  03.74948339  008.70408887 1 101
115  03.74922011  008.70438168
120 Linear Feature 20
112  03.75611232  008.70944337  03.75636150  008.70969364 1 101
115  03.75612687  008.71008395
120 Linear Feature 19
112  03.75678552  008.71003890  03.75648576  008.70981459 1 101
111  03.75612687  008.71008395 1 101
115  03.75552781  008.71075419
120 Linear Feature 9
111  03.75583133  008.71024446 4 103
115  03.75599504  008.71038457
120 Linear Feature 8
111  03.74908581  008.70438319 4 103
115  03.74923969  008.70451315
120 Linear Feature 7
111  03.74751961  008.70305068 4 103
115  03.74743661  008.70346180
120 Linear Feature 5
111  03.74458481  008.70099923 4 103
115  03.74480854  008.70105082
120 Linear Feature 26
111  03.76378078  008.71883208 1
115  03.76072753  008.71610943
120 Linear Feature 25
111  03.76497124  008.71780590 1
111  03.76521290  008.71855798 1
111  03.76455542  008.71930902 1
112  03.76439662  008.71934252  03.76432419  008.71931739 1
111  03.76430469  008.71930343 1
115  03.76378078  008.71883208
120 Linear Feature 11
112  03.76497124  008.71780590  03.76505234  008.71809795 1
111  03.76485213  008.71832609 1
111  03.76447172  008.71874773
112  03.76447172  008.71874773  03.76414778  008.71907862 1
115  03.76378078  008.71883208
120 Linear Feature 10
111  03.76467349  008.71815584 4 103
115  03.76485213  008.71832609
120 Linear Feature 18
111  03.76079318  008.71603483 1 101
111  03.76364887  008.71859562 1 101
112  03.76437496  008.71869948  03.76466576  008.71839184
111  03.76437496  008.71869948 1 101
111  03.76482307  008.71820202 1 101
112  03.76488082  008.71803451  03.76489049  008.71796826 1 101
111  03.76487402  008.71786653 1 101
111  03.76467241  008.71719503 1 101
112  03.76463984  008.71710595  03.76462372  008.71707525 1 101
115  03.76457692  008.71701925
120 Linear Feature 17
111  03.76072753  008.71610943 2
115  03.76085718  008.71595264
120 Linear Feature 15
111  03.74624858  008.70353637 2
115  03.74667887  008.70392457
120 Linear Feature 27
111  03.76072486  008.71610536 1
112  03.76055267  008.71607240  03.76046174  008.71609373 1
115  03.76041918  008.71613638
120 Linear Feature 37
111  03.74594241  008.70060014 1
112  03.74567856  008.70054423  03.74550970  008.70049135 1
111  03.74535893  008.70042638 1
112  03.74528052  008.70040825  03.74524886  008.70041732 1
111  03.74523378  008.70042940 1
115  03.74512587  008.70052275
120 Linear Feature 39
111  03.75015989  008.70366441 1
112  03.75016722  008.70377073  03.75017928  008.70382059 1
115  03.75022602  008.70389160
120 Linear Feature 38
111  03.74983071  008.70337403 1
112  03.74972244  008.70337939  03.74967269  008.70337183 1
115  03.74961238  008.70333406
120 Linear Feature 36
111  03.74884913  008.70317362 1
112  03.74884131  008.70334595  03.74879181  008.70340861 1
115  03.74870007  008.70340459
120 Linear Feature 58
111  03.75991561  008.71602144 1
115  03.75963075  008.71632990
120 Linear Feature 57
111  03.75824648  008.71484179 1
115  03.75772571  008.71542806
120 Linear Feature 56
111  03.75873972  008.71527172 1
115  03.75824648  008.71586488
21  03.74848928  008.70197601 2 38.7 3.00 New Light Fixture 4
21  03.76247693  008.71574701 2 222.5 3.00 New Light Fixture 3
20  03.76448527  008.71803340 295.4 0 3 {@R}04-22
20  03.74441926  008.70100041 267.8 0 3 {@R}04-22
20  03.74753077  008.70298175 355.6 0 3 {@R}04-22
20  03.74901110  008.70431045 296.6 0 3 {@R}04-22
20  03.75571568  008.71021546 295.2 0 3 {@R}04-22
14  03.75635551  008.71462528 623 0 Malabo
1300  03.75883150  008.71636664 132.7 tie_down heavy|jets|turboprops|props Stand 1
1301 E airline 
1300  03.75830997  008.71584734 132.7 tie_down heavy|jets|turboprops|props Stand 2
1301 E airline 
1300  03.75774498  008.71538834 132.7 tie_down heavy|jets|turboprops|props Stand 3
1301 F airline 
1300  03.75882147  008.71431959 132.7 tie_down heavy|jets|turboprops|props East ramp
1301 C none 
1300  03.75910031  008.71457331 132.7 tie_down heavy|jets|turboprops|props East ramp
1301 C none 
1300  03.75856405  008.71413532 93.5 tie_down heavy|jets|turboprops|props East ramp
1301 E none 
1300  03.74492529  008.70342447 37.9 tie_down heavy|jets|turboprops South east ramp
1301 B general_aviation 
1300  03.75668634  008.71408768 307.8 tie_down heavy|jets|turboprops|props|helos South east ramp
1301 B general_aviation 
1300  03.75555652  008.71287267 49.7 tie_down heavy|jets|turboprops|props|helos South east ramp
1301 B general_aviation 
1300  03.75581914  008.71253053 223.4 tie_down heavy|jets|turboprops|props|helos South east ramp
1301 B general_aviation 
1300  03.75327785  008.69873438 220.7 tie_down heavy|jets|turboprops|props|helos Cargo
1301 E cargo 
1300  03.75442145  008.69971670 220.7 tie_down heavy|jets|turboprops|props|helos Cargo
1301 E cargo 
18  03.75623004  008.70763267 4 Malabo
54 11810 TWR
54 12830 TWR

1     82 0 0 FGAB Annobon
1302 city San Antonio de Palé
1302 country Equatorial Guinea
1302 datum_lat -1.408309315
1302 datum_lon 5.62455458
1302 faa_code 
1302 gui_label 3D
1302 iata_code NBN
1302 icao_code FGAN
1302 region_code FG
1302 state Annobon
1302 transition_alt 
1302 transition_level 
1302 flatten 1
100 30.48 1 2 0.25 0 1 0  05 -01.41426006  005.61784390 49 0 3 0 0 0 23 -01.40298487  005.63061536 50 0 3 0 0 0
102 H1 -01.40725210  005.62476555 139.4 25.70 25.40 1 0 0 0.25 0
110 2 0.25 49.0 Apron
111 -01.41002888  005.62074622
111 -01.41058965  005.62009242
111 -01.41098711  005.62044680
111 -01.41048458  005.62103841
112 -01.41050594  005.62116364 -01.41056040  005.62120737
112 -01.41073206  005.62135298 -01.41077609  005.62138768
111 -01.41084645  005.62139864
111 -01.41089844  005.62144925
111 -01.41084704  005.62164128
111 -01.41064265  005.62173546
111 -01.41059072  005.62168826
112 -01.41052396  005.62157785 -01.41047374  005.62152947
112 -01.41032179  005.62139934 -01.41026230  005.62134844
111 -01.41017501  005.62138560
111 -01.40986448  005.62173635
111 -01.40896677  005.62095037
111 -01.40936053  005.62048372
111 -01.40970772  005.62076406
113 -01.40984994  005.62059205
110 2 0.25 49.0 Apron
111 -01.40760986  005.62400631
111 -01.40762053  005.62401693
111 -01.40780147  005.62381087
111 -01.40813651  005.62410639
111 -01.40805466  005.62420069
112 -01.40807347  005.62431864 -01.40812794  005.62436237
111 -01.40823784  005.62435424
111 -01.40828827  005.62440532
111 -01.40823549  005.62460638
111 -01.40803248  005.62469296
111 -01.40798032  005.62464566
112 -01.40792679  005.62449007 -01.40786730  005.62443918
111 -01.40780887  005.62448388
111 -01.40730961  005.62505909
111 -01.40696659  005.62476509
111 -01.40738267  005.62428692
111 -01.40737050  005.62427711
111 -01.40742988  005.62420994
111 -01.40735076  005.62414303
111 -01.40745532  005.62401860
113 -01.40753656  005.62408925
110 2 0.25 228.2 Taxiway
111 -01.41436118  005.61793358
112 -01.41440430  005.61809820 -01.41438154  005.61817883
111 -01.41432062  005.61822633
112 -01.41420447  005.61826127 -01.41417161  005.61827861
111 -01.41412165  005.61831116
113 -01.41406876  005.61826508
110 2 0.25 228.2 Taxiway
111 -01.40288270  005.63052551
112 -01.40285918  005.63036655 -01.40288188  005.63028590
111 -01.40293861  005.63024707
112 -01.40304313  005.63021660 -01.40307597  005.63020047
111 -01.40312713  005.63014465
113 -01.40317798  005.63019151
110 2 0.25 318.0 concrete_3L.pol
111 -01.40929824  005.62123979
111 -01.40888720  005.62170985
111 -01.40890534  005.62172709
112 -01.40893921  005.62189121 -01.40899416  005.62194318
112 -01.40970157  005.62254974 -01.40973083  005.62257423
111 -01.40982754  005.62255424
111 -01.40987900  005.62259987
111 -01.40972378  005.62277582
111 -01.40967150  005.62272975
112 -01.40964807  005.62260920 -01.40961821  005.62258112
112 -01.40889613  005.62195603 -01.40884256  005.62191351
111 -01.40871778  005.62194026
111 -01.40869864  005.62192422
112 -01.40845706  005.62220431 -01.40844566  005.62221779
112 -01.40846083  005.62225281 -01.40847431  005.62226491
111 -01.40944130  005.62309579
111 -01.40939966  005.62314613
112 -01.40905367  005.62284739 -01.40901784  005.62281943
112 -01.40893441  005.62286820 -01.40890891  005.62289696
112 -01.40859400  005.62325934 -01.40855468  005.62330415
112 -01.40844233  005.62326175 -01.40840401  005.62322690
112 -01.40835571  005.62318553 -01.40834128  005.62317309
112 -01.40830267  005.62319339 -01.40828973  005.62320882
111 -01.40774759  005.62380336
111 -01.40778147  005.62383402
111 -01.40773913  005.62388148
111 -01.40758985  005.62375279
111 -01.40756361  005.62378079
112 -01.40753186  005.62388964 -01.40749495  005.62393516
112 -01.40723985  005.62421756 -01.40718909  005.62427192
111 -01.40705460  005.62426205
111 -01.40712444  005.62418326
111 -01.40713272  005.62420913
112 -01.40722252  005.62417880 -01.40726970  005.62413041
112 -01.40748909  005.62388099 -01.40752421  005.62383798
111 -01.40751527  005.62379522
111 -01.40750636  005.62377447
111 -01.40760341  005.62367470
111 -01.40769879  005.62376161
112 -01.40825635  005.62314518 -01.40826780  005.62312776
112 -01.40825086  005.62309616 -01.40823565  005.62308337
111 -01.40809088  005.62295540
111 -01.40813001  005.62290633
112 -01.40848721  005.62321655 -01.40850711  005.62323298
112 -01.40854864  005.62321456 -01.40856407  005.62319763
111 -01.40860659  005.62314916
112 -01.40852535  005.62307878 -01.40848653  005.62304593
112 -01.40850652  005.62295340 -01.40852981  005.62292532
111 -01.40854321  005.62290426
111 -01.40842007  005.62279488
111 -01.40849538  005.62271241
111 -01.40861647  005.62281417
112 -01.40863876  005.62278890 -01.40865524  005.62276882
112 -01.40877721  005.62276277 -01.40882492  005.62279929
111 -01.40888048  005.62284290
112 -01.40890637  005.62280930 -01.40892214  005.62278780
112 -01.40889272  005.62270584 -01.40886262  005.62267860
112 -01.40842097  005.62230782 -01.40838862  005.62228094
112 -01.40841091  005.62215654 -01.40845863  005.62210922
111 -01.40841091  005.62215654
112 -01.40841091  005.62215654 -01.40840999  005.62215649
111 -01.40833263  005.62208670
111 -01.40843244  005.62196555
111 -01.40837538  005.62191907
111 -01.40869528  005.62154376
111 -01.40884232  005.62165468
113 -01.40925418  005.62120188
111 -01.40882335  005.62289985
112 -01.40876673  005.62285182 -01.40875326  005.62284076
112 -01.40871943  005.62286257 -01.40870526  005.62287744
112 -01.40860333  005.62300236 -01.40858986  005.62301688
112 -01.40860763  005.62305255 -01.40861766  005.62306188
113 -01.40864920  005.62309269
110 1 0.25 49.0 asphalt_1D.pol
111 -01.40526935  005.62729379
112 -01.40500332  005.62706973 -01.40493727  005.62701295
112 -01.40500114  005.62687581 -01.40506306  005.62679735
112 -01.40596162  005.62565192 -01.40603283  005.62554869
112 -01.40604392  005.62539496 -01.40605114  005.62531031
112 -01.40612708  005.62512479 -01.40619519  005.62505356
111 -01.40701854  005.62416815
111 -01.40700736  005.62410234
111 -01.40751206  005.62355211
111 -01.40737699  005.62341391
111 -01.40756176  005.62320189
111 -01.40774486  005.62334357
112 -01.40809595  005.62279385 -01.40813558  005.62272200
112 -01.40815237  005.62259623 -01.40815237  005.62253305
112 -01.40815896  005.62219992 -01.40816639  005.62205457
112 -01.40826959  005.62180312 -01.40833027  005.62172260
112 -01.40862908  005.62132628 -01.40868326  005.62125315
112 -01.40882238  005.62086806 -01.40888774  005.62078978
112 -01.40932589  005.62026194 -01.40938007  005.62019742
112 -01.40954982  005.62025822 -01.40961002  005.62030811
111 -01.40989223  005.62053984
111 -01.40970772  005.62076406
111 -01.40936053  005.62048372
111 -01.40896677  005.62095037
111 -01.40890163  005.62089686
112 -01.40884996  005.62100607 -01.40883084  005.62105505
111 -01.40883410  005.62111520
111 -01.40910022  005.62137070
111 -01.40884232  005.62165468
111 -01.40869528  005.62154376
111 -01.40837538  005.62191907
111 -01.40833185  005.62188423
112 -01.40828829  005.62196009 -01.40826896  005.62200969
112 -01.40824295  005.62220399 -01.40822985  005.62234149
112 -01.40823869  005.62259499 -01.40823525  005.62266639
112 -01.40819739  005.62278428 -01.40815869  005.62285311
111 -01.40813001  005.62290633
111 -01.40809088  005.62295540
112 -01.40784596  005.62334473 -01.40777785  005.62343764
112 -01.40767681  005.62358308 -01.40764247  005.62362838
111 -01.40760341  005.62367470
111 -01.40750636  005.62377447
111 -01.40712397  005.62418566
112 -01.40621255  005.62516346 -01.40615063  005.62523056
112 -01.40612296  005.62539754 -01.40611468  005.62548938
112 -01.40602728  005.62569729 -01.40593956  005.62581394
112 -01.40508754  005.62687256 -01.40506071  005.62691179
112 -01.40510785  005.62701985 -01.40513675  005.62704256
113 -01.40533981  005.62721537
130 Airport Boundary
111 -01.40476147  005.62763476
111 -01.40486132  005.62696525
111 -01.40587822  005.62559294
111 -01.40601194  005.62498793
111 -01.40796578  005.62273151
111 -01.40793102  005.62186444
111 -01.40941756  005.62000749
111 -01.40970485  005.62021151
111 -01.41079062  005.61905178
111 -01.41170058  005.61950690
111 -01.41392319  005.61708387
111 -01.41479717  005.61792113
111 -01.40327337  005.63120361
111 -01.40249553  005.63100036
113 -01.40233450  005.63041896
120 Linear Feature
111 -01.40970431  005.62055517 22
112 -01.40943678  005.62033555 -01.40939804  005.62030371 22
112 -01.40933234  005.62033319 -01.40929934  005.62037396 22
112 -01.40885605  005.62089064 -01.40881059  005.62094857 22
112 -01.40867227  005.62134355 -01.40862826  005.62140232 22
112 -01.40826463  005.62190834 -01.40820458  005.62199486 22
112 -01.40820038  005.62237933 -01.40819977  005.62249837 22
112 -01.40812631  005.62283511 -01.40802714  005.62298524 22
112 -01.40763399  005.62357771 -01.40757945  005.62363525 22
112 -01.40615307  005.62516134 -01.40604526  005.62528267 22
112 -01.40601028  005.62565460 -01.40589904  005.62579870 22
112 -01.40501645  005.62690984 -01.40498710  005.62694836 22
112 -01.40505636  005.62704747 -01.40509914  005.62708181 22
115 -01.40530070  005.62725291
120 Linear Feature
111 -01.40990422  005.62130790 51 101
112 -01.40981510  005.62128033 -01.40977994  005.62125234 51 101
115 -01.40960772  005.62110520
120 Linear Feature
112 -01.41064737  005.62148347 -01.41074999  005.62156673 51 101
116 -01.41067186  005.62190773 -01.41059436  005.62199458
120 Linear Feature
112 -01.41106904  005.62145581 -01.41096489  005.62157612 51 101
112 -01.41064737  005.62148347 -01.41052214  005.62138176 51 101
112 -01.41036214  005.62125058 -01.41025923  005.62116623 51 101
112 -01.41007569  005.62127169 -01.41001903  005.62133955 51 101
112 -01.40986863  005.62132860 -01.40981782  005.62138373 51 101
112 -01.40974093  005.62147581 -01.40972250  005.62149675 51 101
112 -01.40967853  005.62147764 -01.40965462  005.62145571 51 101
112 -01.40945601  005.62128850 -01.40943600  005.62127051 51 101
112 -01.40945401  005.62123200 -01.40947015  005.62121286 51 101
115 -01.40956554  005.62110032
14 -01.40841295  005.62209966 7 0 Annobon
1300 -01.40957918  005.62108421 -129.1 misc jets|turboprops|props Ramp  1
1301 C none 
1300 -01.40756099  005.62422014 -40.9 misc jets|turboprops|props Ramp  2
1301 C none 
18 -01.40837248  005.62276004 1 Annobon
19 -01.41076268  005.62110155 0 Windsock
99
